Butterfly 4.65 619.42272 73.47 718.9391360000001
Butterfly 4.65 177.642496 100.44000000000001 278.088704
Butterfly 6.510000000000001 844.4979199999999 96.72 956.1057279999999
Butterfly 8.37 518.975488 88.35 616.63232
Butterfly 8.37 283.669504 94.86 387.836928
Butterfly 8.37 393.416704 118.11 526.4158719999999
Butterfly 10.23 711.498752 96.72 844.4979199999999
Butterfly 10.23 66.034688 108.80999999999999 159.971328
Butterfly 79.05 616.63232 159.03 725.449728
Butterfly 93.0 517.11488 239.94 619.42272
Butterfly 94.86 837.057536 192.51 954.2451199999999
Butterfly 98.58 734.75072 188.79 835.1969280000001
Butterfly 98.58 293.900288 200.88000000000002 393.416704
Butterfly 98.58 53.943296 215.76 179.50208
Butterfly 109.74 183.222272 217.61999999999998 289.24928
Butterfly 119.97 397.136896 300.39 515.255296
Butterfly 172.98000000000002 628.722688 231.57000000000002 725.449728
Butterfly 178.56 851.0085119999999 288.3 957.9653119999999
Butterfly 181.35 738.470912 294.81 838.91712
Butterfly 185.07 273.43872000000005 294.81 391.55712
Butterfly 199.95 59.52409599999999 291.09 167.41171200000002
Butterfly 204.60000000000002 186.012672 318.06 271.57811200000003
Butterfly 225.99 619.42272 385.02 722.6593280000001
Butterfly 259.47 513.394688 344.1 621.282304
Butterfly 275.28 67.894272 379.44 159.971328
Butterfly 291.09 731.029504 383.16 833.337344
Butterfly 291.09 850.0776960000001 487.32 964.4759039999999
Butterfly 294.81 292.97049599999997 397.10999999999996 383.18592
Butterfly 298.53 389.696512 386.88 506.88512000000003
Butterfly 323.64 179.50208 411.98999999999995 273.43872000000005
Butterfly 371.07 508.744704 439.89000000000004 611.05152
Butterfly 372.93 38.132736 486.39000000000004 172.06169599999998
Butterfly 378.51000000000005 727.309312 478.95000000000005 842.637312
Butterfly 383.16 393.416704 486.39000000000004 508.744704
Butterfly 386.88 619.42272 480.81 718.9391360000001
Butterfly 398.97 271.57811200000003 519.87 379.46572799999996
Butterfly 400.83 172.06169599999998 496.62 267.85792000000004
Butterfly 451.98 506.88512000000003 551.49 616.63232
Butterfly 482.67 621.282304 557.07 736.610304
Butterfly 484.53 377.606144 572.88 506.88512000000003
Butterfly 484.53 740.330496 572.88 842.637312
Butterfly 489.18 64.17408 572.88 168.34150400000001
Butterfly 491.04 851.0085119999999 571.02 957.9653119999999
Butterfly 492.9 179.50208 561.72 269.718528
Butterfly 531.9599999999999 271.57811200000003 645.4200000000001 405.508096
Butterfly 547.77 595.24096 650.07 736.610304
Butterfly 553.35 744.98048 650.07 852.868096
Butterfly 563.5799999999999 506.88512000000003 655.65 611.05152
Butterfly 569.16 409.22828799999996 659.37 499.443712
Butterfly 576.6 66.034688 653.7900000000001 181.362688
Butterfly 579.39 858.4488960000001 653.7900000000001 943.0845439999999
Butterfly 581.25 187.87328 653.7900000000001 267.85792000000004
