Butterfly 249.043 647.670784 359.893 730.477568
Butterfly 56.903 153.78534399999998 97.548 211.45395200000002
Butterfly 56.903 547.119104 160.363 613.660672
Butterfly 59.120000000000005 626.2292480000001 144.844 724.562944
Butterfly 59.120000000000005 64.323584 157.40699999999998 125.689856
Butterfly 62.076 301.65504 129.325 380.02585600000003
Butterfly 64.29299999999999 227.720192 124.152 281.69216
Butterfly 64.29299999999999 833.247232 166.275 953.022464
Butterfly 67.988 476.880896 110.11099999999999 541.943808
Butterfly 67.988 742.30784 201.008 831.7685759999999
Butterfly 69.466 391.115776 153.712 466.530304
Butterfly 102.721 152.30566399999998 153.712 203.32134399999998
Butterfly 127.10799999999999 231.41683199999997 171.448 275.038208
Butterfly 129.325 478.35955199999995 188.445 531.593216
Butterfly 143.366 301.65504 213.571 377.068544
Butterfly 144.844 143.433728 211.35399999999998 204.8
Butterfly 155.19 629.925888 236.48000000000002 715.691008
Butterfly 157.40699999999998 59.148288 209.87599999999998 125.689856
Butterfly 162.58 840.641536 255.694 947.847168
Butterfly 164.058 388.897792 222.439 461.355008
Butterfly 164.058 571.5179519999999 222.439 610.70336
Butterfly 183.272 227.720192 253.47700000000003 285.3888
Butterfly 195.835 473.18425599999995 244.609 536.768512
Butterfly 206.181 742.30784 280.081 836.944896
Butterfly 211.35399999999998 39.924735999999996 283.776 136.040448
Butterfly 220.22199999999998 312.005632 290.427 371.89324799999997
Butterfly 220.22199999999998 566.3426559999999 297.817 604.7887360000001
Butterfly 229.09 150.08768 264.562 195.92806399999998
Butterfly 239.436 391.115776 297.817 462.83366399999994
Butterfly 244.609 849.5134720000001 410.14500000000004 941.9325439999999
Butterfly 255.694 478.35955199999995 302.99 531.593216
Butterfly 260.86699999999996 227.720192 309.64099999999996 285.3888
Butterfly 280.081 148.609024 350.286 197.40672
Butterfly 285.254 747.4831360000001 356.937 831.7685759999999
Butterfly 294.122 564.864 362.849 608.485376
Butterfly 294.122 45.100032 365.805 130.865152
Butterfly 309.64099999999996 304.612352 374.673 374.85056000000003
Butterfly 318.509 473.18425599999995 379.846 534.550528
Butterfly 322.204 391.115776 374.673 461.355008
Butterfly 323.682 231.41683199999997 413.10100000000006 292.783104
Butterfly 359.154 164.13593600000002 420.491 201.10336
Butterfly 370.978 743.7864959999999 438.227 829.5505919999999
Butterfly 373.195 555.99104 411.62300000000005 608.485376
Butterfly 373.195 45.100032 523.951 148.609024
Butterfly 378.368 631.404544 447.09499999999997 728.259584
Butterfly 390.93100000000004 309.787648 441.183 374.85056000000003
Butterfly 393.887 394.074112 452.268 459.136
Butterfly 393.887 471.7056 458.919 540.465152
Butterfly 415.31800000000004 852.470784 485.523 944.1505279999999
Butterfly 419.013 561.166336 504.737 618.835968
Butterfly 421.96899999999994 236.59212799999997 464.092 289.08544
Butterfly 429.359 161.17862399999999 492.17400000000004 197.40672
Butterfly 443.4 742.30784 509.90999999999997 843.5988480000001
Butterfly 458.919 635.102208 534.297 719.387648
Butterfly 464.092 315.702272 518.778 371.89324799999997
Butterfly 466.309 394.074112 515.083 459.136
Butterfly 476.65500000000003 222.544896 522.473 289.08544
Butterfly 476.65500000000003 485.752832 536.514 540.465152
Butterfly 492.17400000000004 169.31123200000002 536.514 199.624704
Butterfly 499.564 854.688768 613.37 953.022464
Butterfly 515.083 559.68768 552.033 612.182016
Butterfly 520.256 751.179776 643.669 836.944896
Butterfly 525.429 218.847232 645.147 295.74041600000004
Butterfly 529.124 317.180928 580.115 378.5472
Butterfly 537.992 401.467392 578.6370000000001 452.482048
Butterfly 537.992 64.323584 595.634 134.561792
Butterfly 539.47 478.35955199999995 599.3290000000001 538.247168
Butterfly 543.165 161.17862399999999 583.8100000000001 201.10336
Butterfly 545.382 626.2292480000001 631.106 734.9145599999999
Butterfly 567.552 566.3426559999999 657.71 618.835968
Butterfly 588.9830000000001 166.35392 625.933 197.40672
Butterfly 594.1560000000001 401.467392 643.669 453.960704
Butterfly 597.851 68.020224 645.147 124.2112
Butterfly 599.3290000000001 312.005632 651.798 371.89324799999997
Butterfly 606.7189999999999 475.40224000000006 699.833 540.465152
Butterfly 620.76 847.2954880000001 713.874 950.8044800000001
Butterfly 625.933 638.798848 710.179 737.132544
Butterfly 634.801 164.13593600000002 662.883 204.8
Butterfly 646.625 742.30784 720.525 828.071936
Butterfly 650.32 406.64268799999996 706.4839999999999 453.960704
Butterfly 654.015 218.847232 711.6569999999999 297.9584
Butterfly 659.188 64.323584 697.616 124.2112
Butterfly 659.188 566.3426559999999 705.006 624.750592
Butterfly 659.188 317.180928 710.179 369.675264
Butterfly 673.229 158.96063999999998 711.6569999999999 201.10336
