Butterfly 760.32 202.88025599999997 957.44 375.680256
Butterfly 90.24 392.96025599999996 342.4 587.52
Butterfly 92.8 205.44 257.92 380.15999999999997
Butterfly 101.76 619.520256 194.56 690.560256
Butterfly 112.64 138.24 162.56 202.88025599999997
Butterfly 117.76 706.5600000000001 238.08 767.360256
Butterfly 128.64 0.0 448.64 201.60000000000002
Butterfly 260.48 623.360256 467.2 767.360256
Butterfly 286.08 232.959744 474.88 381.44025600000003
Butterfly 334.72 458.24025600000004 501.12 582.399744
Butterfly 403.84 145.92000000000002 480.0 199.040256
Butterfly 525.44 230.39999999999998 698.24 348.159744
Butterfly 542.72 397.43999999999994 644.48 489.59999999999997
Butterfly 542.72 561.2797439999999 675.84 677.76
Butterfly 545.28 0.0 753.92 204.159744
Butterfly 554.24 746.240256 670.72 767.360256
Butterfly 707.84 391.68 816.0 506.88
Butterfly 734.08 520.3199999999999 976.0 710.4000000000001
Butterfly 736.64 726.399744 910.08 767.360256
Butterfly 867.84 416.00025600000004 990.72 506.88
