Butterfly 302.80704 49.330566000000005 479.218688 154.072836
Butterfly 13.517824 256.788927 173.032448 352.07135999999997
Butterfly 20.953088 63.521622 180.467712 175.022157
Butterfly 22.304768 210.16166700000002 104.76544 262.19467199999997
Butterfly 28.388352 584.532267 228.456448 775.096266
Butterfly 29.740032 509.522895 76.377088 579.801915
Butterfly 29.740032 363.55911000000003 228.456448 558.853461
Butterfly 75.025408 572.368257 432.580608 771.717567
Butterfly 85.16403199999999 341.25900300000006 400.813056 530.471349
Butterfly 100.03456 138.530994 426.49804800000004 332.473692
Butterfly 162.893824 279.089034 241.975296 337.204044
Butterfly 177.763328 58.79127000000001 300.102656 136.503081
Butterfly 279.14956800000004 265.573371 365.666304 333.825345
Butterfly 281.853952 374.3706 463.67232 560.205114
Butterfly 312.945664 612.914379 492.06067199999995 783.8815769999999
Butterfly 347.41657599999996 244.62491700000004 485.977088 357.477105
Butterfly 375.80492799999996 521.686905 496.792576 610.887333
Butterfly 396.758016 187.86156 489.35731200000004 256.788927
Butterfly 484.625408 114.87923400000001 651.575296 316.25559
Butterfly 487.329792 654.135894 646.843392 781.178271
Butterfly 494.76403200000004 463.57102800000007 615.75168 548.717364
Butterfly 496.792576 51.357612 611.0208 106.77018299999999
Butterfly 498.144256 548.717364 615.75168 627.780828
Butterfly 499.49593600000003 269.62833 615.75168 363.55911000000003
Butterfly 502.199296 387.88626300000004 624.538624 477.0866909999999
Butterfly 536.670208 621.698823 645.491712 685.896705
Butterfly 544.105472 100.012785 915.1784960000001 298.010442
Butterfly 554.919936 332.473692 639.408128 395.319921
Butterfly 594.798592 499.386798 873.2723199999999 660.2170319999999
Butterfly 631.973888 650.0809350000001 865.8380800000001 785.23323
Butterfly 633.325568 377.073906 838.1255679999999 499.386798
Butterfly 633.325568 281.791473 842.180608 391.94035499999995
Butterfly 645.491712 52.709265 818.5241599999999 122.988285
Butterfly 830.014464 131.09733599999998 984.1213439999999 314.903937
Butterfly 839.477248 745.3633680000002 896.2539519999999 771.717567
Butterfly 839.477248 332.473692 988.176384 425.052819
Butterfly 846.9125119999999 414.240462 991.556608 494.656446
Butterfly 860.4303359999999 588.587226 995.6116480000001 664.947384
Butterfly 863.1336960000001 655.487547 992.9082880000001 737.92971
Butterfly 878.004224 489.2498340000001 995.6116480000001 579.801915
Butterfly 900.308992 54.060918 980.7421439999999 107.445576
Butterfly 901.6606720000001 746.7150209999999 937.4842880000001 770.3659140000001
Butterfly 915.1784960000001 264.22171799999995 991.556608 337.204044
Butterfly 944.9185279999999 746.7150209999999 986.8247039999999 773.74548
