Butterfly 39.920575 886.135808 106.454342 960.29696
Butterfly 55.127776 743.5171839999999 94.097655 782.4998400000001
Butterfly 134.01823 562.8672 242.373177 648.4377599999999
Butterfly 151.126823 691.2235519999999 259.48177 784.4014080000001
Butterfly 273.73906200000005 607.5545599999999 343.12413 687.420416
Butterfly 300.353041 441.16582400000004 382.09400899999997 513.426432
Butterfly 323.164236 519.1311360000001 401.10399399999994 603.751424
Butterfly 323.164236 826.235904 423.915189 923.2158720000001
Butterfly 496.1523450000001 632.274944 527.5182299999999 671.2576
Butterfly 564.586717 116.94694399999999 620.6651889999999 199.665664
Butterfly 595.002693 889.938944 707.159637 955.543552
Butterfly 601.655991 332.776448 658.685159 400.282624
Butterfly 629.219879 490.607616 743.2774280000001 571.424768
