Butterfly 571.02 175.78188799999998 658.44 294.83008
Butterfly 0.0 869.6094720000001 85.56 971.9162880000001
Butterfly 0.93 475.262976 101.37 585.939968
Butterfly 5.58 61.384704000000006 103.23 185.08288000000002
Butterfly 7.44 593.3803519999999 183.21 729.16992
Butterfly 9.3 722.6593280000001 106.94999999999999 871.469056
Butterfly 9.3 189.73286399999998 124.62 349.704192
Butterfly 9.3 338.54361600000004 134.85 471.54175999999995
Butterfly 85.56 860.30848 187.86 973.7768960000001
Butterfly 95.79 748.7006719999999 189.72 851.9383039999999
Butterfly 99.51 487.35334400000005 170.19 585.939968
Butterfly 103.23 38.132736 207.39 246.46656000000002
Butterfly 126.48 349.704192 221.34 475.262976
Butterfly 136.71 220.425216 225.06 324.59264
Butterfly 165.54 597.100544 253.89 724.519936
Butterfly 170.19 862.1690880000001 301.32 966.336512
Butterfly 172.05 478.0523519999999 262.26 593.3803519999999
Butterfly 183.21 734.75072 297.6 858.4488960000001
Butterfly 184.14 46.502912 291.09 242.74636800000002
Butterfly 209.25 218.56460800000002 299.46000000000004 338.54361600000004
Butterfly 218.55 361.79456 348.75 448.290816
Butterfly 234.36 609.191936 322.71000000000004 728.240128
Butterfly 260.4 467.82156799999996 348.75 597.100544
Butterfly 283.65 731.029504 398.97 858.4488960000001
Butterfly 289.22999999999996 195.313664 412.92 358.074368
Butterfly 293.88 871.469056 354.33 968.1960960000001
Butterfly 299.46000000000004 62.314496 421.29 187.87328
Butterfly 309.69 600.820736 419.43 703.1275519999999
Butterfly 334.8 473.40236799999997 411.06 583.1495679999999
Butterfly 338.52000000000004 860.30848 440.82 966.336512
Butterfly 352.47 352.494592 437.1 476.19276799999994
Butterfly 379.44 732.890112 493.83 851.9383039999999
Butterfly 398.97 479.91295999999994 493.83 601.751552
Butterfly 411.06 62.314496 487.32 172.06169599999998
Butterfly 417.57 172.06169599999998 543.12 358.074368
Butterfly 419.43 344.12339199999997 501.27 495.72352
Butterfly 426.87 600.820736 493.83 718.9391360000001
Butterfly 426.87 853.7978880000001 499.41 961.6855039999999
Butterfly 474.29999999999995 853.7978880000001 626.82 966.336512
Butterfly 485.46 729.16992 575.6700000000001 856.588288
Butterfly 485.46 57.663488 582.18 167.41171200000002
Butterfly 491.97 475.262976 571.95 601.751552
Butterfly 503.13 593.3803519999999 587.76 717.0795519999999
Butterfly 507.78 347.84358399999996 595.2 487.35334400000005
Butterfly 562.65 465.961984 668.6700000000001 587.800576
Butterfly 573.81 731.029504 670.53 844.4979199999999
Butterfly 587.76 595.24096 677.97 729.16992
Butterfly 589.62 44.643328000000004 664.02 175.78188799999998
Butterfly 593.34 352.494592 665.88 475.262976
Butterfly 597.99 853.7978880000001 672.39 964.4759039999999
