Butterfly 437.938455 400.0 663.310179 544.0
Butterfly 0.0 295.04 137.01596700000002 398.08
Butterfly 0.0 400.0 173.51078100000004 540.16
Butterfly 0.0 76.16 213.84729900000002 206.08
Butterfly 2.561136 211.2 110.76500999999999 312.32
Butterfly 30.091974 727.04 179.27333700000003 853.12
Butterfly 39.055949999999996 531.2 217.689003 636.16
Butterfly 55.062363 650.24 199.76173799999998 757.12
Butterfly 81.31331999999999 812.8 208.725027 935.04
Butterfly 112.685862 192.0 227.93286 326.4
Butterfly 140.217387 304.0 280.43408700000003 410.24
Butterfly 187.596342 108.16 299.64192 197.12
Butterfly 208.725027 403.84 432.816183 548.48
Butterfly 213.84729900000002 805.76 422.5723259999999 928.64
Butterfly 213.84729900000002 640.0 423.852894 812.8
Butterfly 215.768151 548.48 418.730622 657.28
Butterfly 226.012008 197.12 339.978438 304.0
Butterfly 280.43408700000003 289.92 378.394104 396.8
Butterfly 297.721068 60.8 478.274973 186.88
Butterfly 323.97202500000003 176.0 497.48280600000004 311.04
Butterfly 396.321369 298.88 494.28138599999994 403.84
Butterfly 401.443641 844.16 571.112718 951.04
Butterfly 418.730622 751.36 567.2710139999999 865.28
Butterfly 427.69459800000004 545.28 609.528384 657.28
Butterfly 432.816183 655.36 588.399699 781.44
Butterfly 466.11026400000003 49.92 678.036024 202.24
Butterfly 502.605078 291.84 665.2310309999999 414.08
Butterfly 527.5747799999999 193.92 672.2741550000001 295.04
Butterfly 555.1063049999999 791.68 669.072735 944.0
Butterfly 576.23499 667.52 669.072735 783.36
Butterfly 580.0766940000001 569.6 670.993587 678.4
