Butterfly 495.36 497.83391900000004 666.24 602.270083
Butterfly 320.0 486.942118 470.4 592.018936
Butterfly 321.28 224.24939 426.24 317.793753
Butterfly 322.56 315.230454 494.08 475.40898
Butterfly 337.92 155.05261099999998 432.64 242.83040499999998
Butterfly 350.08 110.202733 412.8 170.429673
Butterfly 444.16 529.228697 482.56 563.186774
Butterfly 446.72 251.800244 536.32 346.62591499999996
Butterfly 464.0 186.447389 541.44 265.255344
Butterfly 488.96 126.220449 554.88 190.29199599999998
Butterfly 517.76 358.15836999999993 662.4 496.552611
Butterfly 535.04 275.506491 663.68 375.45807699999995
Butterfly 562.56 186.447389 663.68 286.398975
Butterfly 582.4 133.90897999999999 646.4 190.29199599999998
