Butterfly 485.76 446.079744 737.92 648.96
Butterfly 5.12 414.72 478.72 682.880256
Butterfly 60.8 243.84 239.36 412.79999999999995
Butterfly 83.2 67.83974400000001 282.88 216.320256
Butterfly 230.4 313.599744 391.68 438.39974400000006
Butterfly 247.68 221.43974400000002 400.64 308.480256
Butterfly 314.88 65.28 493.44 210.56025599999998
Butterfly 405.12 236.16 602.24 370.56
Butterfly 547.84 82.56 711.68 194.55974399999997
Butterfly 609.92 318.080256 759.04 427.520256
Butterfly 618.88 202.88025599999997 719.36 311.04
Butterfly 728.96 240.0 997.12 427.520256
Butterfly 756.48 72.96000000000001 912.64 213.12
Butterfly 763.52 449.91974400000004 1018.88 648.320256
