Butterfly 60.182136 167.784448 227.92474499999997 268.967936
Butterfly 61.462590999999996 442.51648 192.711857 545.620992
Butterfly 70.426527 725.573632 168.382461 796.017664
Butterfly 75.548347 906.166272 261.217326 993.260544
Butterfly 79.38971199999999 559.710208 203.5961 669.858816
Butterfly 80.670167 363.747328 158.138821 409.216
Butterfly 93.47471700000001 87.73529599999999 194.63291500000003 151.134208
Butterfly 119.72442000000001 796.017664 238.169136 897.201152
Butterfly 133.169573 290.101248 245.211263 356.70323199999996
Butterfly 149.175636 667.937792 399.5087189999999 794.0966400000001
Butterfly 201.675042 361.826304 297.710669 444.437504
Butterfly 210.63822699999997 70.44403199999999 329.08294300000006 163.3024
Butterfly 215.760798 466.85184000000004 308.594912 577.000448
Butterfly 226.004438 605.1778559999999 313.716732 674.981888
Butterfly 231.12625799999998 195.96288 378.380836 293.943296
Butterfly 273.38202399999994 815.2299519999999 434.081755 914.491392
Butterfly 295.790362 388.08268799999996 486.581161 593.010688
Butterfly 304.75354699999997 311.23456 423.838115 388.08268799999996
Butterfly 345.08900600000004 75.567104 432.8013 166.504448
Butterfly 350.210826 585.966592 427.038877 653.848576
Butterfly 362.374773 528.329728 414.87493 562.912256
Butterfly 367.49734399999994 731.336704 490.422526 818.432
Butterfly 409.75311000000005 225.421312 465.45327799999995 270.88896
Butterfly 416.795237 655.7696 504.508282 722.371584
Butterfly 441.124633 596.2127360000001 524.995562 639.75936
Butterfly 443.04493999999994 112.710656 532.0384399999999 173.548544
Butterfly 455.20963800000004 828.6781440000001 560.209201 914.491392
Butterfly 467.374336 318.278656 530.757985 373.993472
Butterfly 479.539034 397.04780800000003 626.793612 486.06412800000004
Butterfly 483.380399 495.02924800000005 646.001188 587.887616
Butterfly 500.666917 200.444928 558.9287459999999 293.303296
Butterfly 505.78873699999997 715.327488 672.250891 835.72224
Butterfly 535.879805 622.46912 646.001188 710.203392
Butterfly 535.879805 91.577344 665.2080129999999 175.46956799999998
Butterfly 563.4099630000001 199.164928 642.1590719999999 286.8992
Butterfly 567.251328 892.0780800000001 663.2869549999999 968.925184
Butterfly 569.172386 299.067392 653.0433149999999 386.16166400000003
