Butterfly 155.192301 178.944 344.259204 319.260672
Butterfly 53.569204 499.781632 177.25 617.2375040000001
Butterfly 57.507699 738.635776 248.937699 968.031232
Butterfly 59.083097 205.746176 164.645398 323.990528
Butterfly 59.083097 629.851136 177.25 745.7310719999999
Butterfly 60.659203999999995 89.86624 203.246903 175.791104
Butterfly 69.324602 344.486912 200.095398 484.015104
Butterfly 163.07 480.073728 401.766903 638.5223679999999
Butterfly 184.34 638.5223679999999 294.629204 754.402304
Butterfly 189.066903 63.064064 348.98539800000003 209.687552
Butterfly 220.57769900000002 339.757056 364.740796 487.16902400000004
Butterfly 252.876903 770.956288 380.49690300000003 932.557824
Butterfly 293.053097 624.3328 401.766903 756.76672
Butterfly 330.079204 52.815872 534.113097 211.26451200000002
Butterfly 363.16539800000004 209.687552 486.059204 320.049152
Butterfly 370.25539800000007 338.180096 478.96920400000005 485.592064
Butterfly 394.67690300000004 812.735488 514.419204 923.8855679999999
Butterfly 403.34230099999996 501.35756799999996 538.84 605.413376
Butterfly 417.52230099999997 598.319104 553.02 761.496576
Butterfly 456.12309700000003 318.472192 671.186903 522.642432
Butterfly 501.81460200000004 204.169216 694.032301 327.144448
Butterfly 527.023097 805.641216 697.183097 927.0394880000001
Butterfly 542.779204 480.073728 671.186903 619.6029440000001
Butterfly 558.534602 645.6166400000001 686.9423009999999 781.20448
Butterfly 570.350796 67.00544000000001 686.9423009999999 202.592256
