Butterfly 136.38318800000002 65.28 382.89681400000006 268.8
Butterfly 5.762858 777.6 247.79439600000003 936.96
Butterfly 21.770055 391.04 254.19703200000004 593.92
Butterfly 32.015001 574.72 291.334506 795.52
Butterfly 35.856704 176.0 165.196264 366.72
Butterfly 177.361758 263.68 319.507197 440.32
Butterfly 242.031538 408.96 391.220605 581.76
Butterfly 263.161208 739.2 420.67406600000004 944.0
Butterfly 327.830988 139.52 546.812308 384.0
Butterfly 331.67269100000004 550.4 558.9778020000001 727.04
Butterfly 398.263626 767.36 539.769287 931.84
Butterfly 417.472748 398.08 546.812308 578.56
