Butterfly 555.2099999999999 159.971328 635.19 262.278144
Butterfly 34.41 82.776064 102.30000000000001 171.131904
Butterfly 34.41 298.550272 146.01000000000002 433.410048
Butterfly 38.129999999999995 559.898624 116.25 657.554432
Butterfly 38.129999999999995 449.220608 118.11 553.3880320000001
Butterfly 38.129999999999995 797.064192 161.82 937.503744
Butterfly 39.99 185.08288000000002 116.25 284.599296
Butterfly 49.29 684.5265919999999 119.97 777.53344
Butterfly 98.58 79.055872 197.16 180.431872
Butterfly 126.48 447.36102400000004 280.86 545.9476480000001
Butterfly 128.34 577.569792 195.3 657.554432
Butterfly 128.34 682.667008 220.41 765.442048
Butterfly 133.92 180.431872 210.17999999999998 291.109888
Butterfly 159.03 302.270464 267.84 422.24844800000005
Butterfly 165.54 797.064192 289.22999999999996 919.832576
Butterfly 197.16 565.4784 277.14 647.324672
Butterfly 197.16 72.54528 291.09 167.41171200000002
Butterfly 222.27 682.667008 367.35 765.442048
Butterfly 225.99 185.08288000000002 312.47999999999996 277.158912
Butterfly 271.56 561.758208 367.35 655.6948480000001
Butterfly 289.22999999999996 74.404864 374.79 178.572288
Butterfly 289.22999999999996 292.97049599999997 392.46 422.24844800000005
Butterfly 294.81 797.064192 411.06 917.972992
Butterfly 302.25 451.08121600000004 395.25 542.227456
Butterfly 328.28999999999996 185.08288000000002 430.59 273.43872000000005
Butterfly 371.07 68.825088 467.79 167.41171200000002
Butterfly 375.72 684.5265919999999 471.51000000000005 779.393024
Butterfly 377.58 555.247616 463.14000000000004 659.4150400000001
Butterfly 395.25 439.919616 477.09 531.996672
Butterfly 406.41 304.131072 531.9599999999999 422.24844800000005
Butterfly 420.35999999999996 774.7430400000001 567.3 938.4345599999999
Butterfly 441.75 186.942464 530.1 273.43872000000005
Butterfly 469.65 675.226624 569.16 772.882432
Butterfly 471.51000000000005 561.758208 565.44 675.226624
Butterfly 473.37 68.825088 561.72 162.760704
Butterfly 492.9 447.36102400000004 563.5799999999999 541.29664
Butterfly 531.9599999999999 307.851264 646.35 431.54944000000006
Butterfly 549.63 812.875776 646.35 906.812416
Butterfly 563.5799999999999 57.663488 659.37 167.41171200000002
Butterfly 567.3 559.898624 650.07 667.785216
Butterfly 572.88 677.086208 655.65 779.393024
Butterfly 575.6700000000001 445.50041600000003 648.2099999999999 539.437056
