Butterfly 435.701008 101.12 584.35222 235.52
Butterfly 33.318224 123.52 181.969436 231.68
Butterfly 54.462626 527.36 180.68801399999998 616.96
Butterfly 76.88845 707.84 221.054372 870.4
Butterfly 82.65516199999999 307.2 269.750286 466.56
Butterfly 168.51356599999997 197.12 457.48643400000003 324.48
Butterfly 173.63988 32.64 451.71972200000005 176.0
Butterfly 190.93939000000003 690.56 390.84936 793.6
Butterfly 214.00623800000002 467.84 397.89749399999994 571.52
Butterfly 365.86069200000003 328.32 523.481858 441.6
Butterfly 365.86069200000003 723.84 537.578126 886.4
Butterfly 406.22704999999996 536.32 548.4711520000001 636.16
