Butterfly 236.79999999999998 30.08 428.16 205.44
Butterfly 35.199999999999996 435.2 266.24 641.28
Butterfly 42.24 832.0 202.88 982.4
Butterfly 42.24 639.36 232.96 816.0
Butterfly 47.36 226.56 215.68 424.32
Butterfly 49.28 46.08 227.2 220.16
Butterfly 218.88 223.36 393.6 415.36
Butterfly 227.84 817.92 419.84000000000003 991.36
Butterfly 268.16 441.6 428.8 616.96
Butterfly 313.6 638.08 519.68 786.56
Butterfly 399.35999999999996 226.56 595.2 428.16
Butterfly 442.88 438.4 605.44 608.0
Butterfly 460.16 835.2 602.24 977.28
Butterfly 460.16 35.84 621.44 230.4
Butterfly 596.48 631.04 778.88 817.92
Butterfly 610.56 204.16 784.0 414.08
Butterfly 617.6 433.28 776.9599999999999 618.88
Butterfly 626.5600000000001 55.04 789.12 193.28
Butterfly 641.92 835.2 789.12 986.24
