Butterfly 274.66247899999996 139.52 432.16144799999995 255.36
Butterfly 64.664104 410.24 135.090631 506.88
Butterfly 103.07850499999999 273.92 227.28489299999998 371.84
Butterfly 176.705794 655.36 250.333083 725.12
Butterfly 226.004438 519.04 332.28370500000005 602.88
Butterfly 323.961123 309.12 412.95387200000005 410.24
Butterfly 416.795237 527.36 517.953435 620.16
Butterfly 505.78873699999997 289.92 631.915432 369.92
Butterfly 514.751922 669.44 561.489656 744.32
Butterfly 572.3731479999999 428.16 640.238765 519.04
