Butterfly 118.5107 128.0 236.38076000000004 228.48
Butterfly 139.00964 610.56 244.06843999999998 711.68
Butterfly 140.93156 303.36 240.86523999999997 399.36
Butterfly 149.90052 458.24 288.26952000000006 556.16
Butterfly 209.47618999999997 213.76 310.69038 301.44
Butterfly 265.20802000000003 348.8 351.04839 439.68
Butterfly 269.05186000000003 549.12 365.1417 640.0
Butterfly 279.30133 666.24 367.06285 728.96
Butterfly 305.56603 129.92 449.06015 217.6
Butterfly 340.79892 234.88 473.40293 360.96
Butterfly 382.43744 472.32 463.15346 520.96
Butterfly 419.59225 551.04 494.54251000000005 634.88
Butterfly 419.59225 353.92 511.83825 444.8
Butterfly 422.79545 659.2 499.66686 723.84
Butterfly 479.16792 218.88 554.11818 291.2
Butterfly 510.55774 503.68 650.20802 622.72
Butterfly 520.80721 117.76 645.0829000000001 234.88
Butterfly 548.99306 294.4 639.95855 350.08
Butterfly 550.9149799999999 387.2 647.00482 476.16
Butterfly 566.28957 640.0 668.1444 708.48
