Butterfly 353.427778 680.96 603.771839 973.44
Butterfly 32.653544 646.4 337.42107300000004 982.4
Butterfly 46.739176 144.64 249.703927 380.8
Butterfly 71.069636 368.64 242.661111 583.68
Butterfly 142.779406 64.0 347.66523 232.32
Butterfly 202.324617 555.52 468.675383 737.92
Butterfly 261.86915700000003 263.68 426.41781599999996 512.0
Butterfly 349.58563200000003 67.84 566.6366859999999 279.04
Butterfly 456.51082399999996 373.76 598.009291 562.56
Butterfly 482.76168599999994 142.72 626.181226 352.64
