Butterfly 588.16 491.52 749.44 628.479744
Butterfly 104.96 385.280256 209.92 478.08000000000004
Butterfly 143.36 293.76 229.76 357.759744
Butterfly 150.4 497.91974400000004 274.56 609.920256
Butterfly 161.92 115.19999999999999 247.04 164.480256
Butterfly 193.92 192.0 284.8 268.79999999999995
Butterfly 231.04 394.23974400000003 320.64 468.48
Butterfly 234.88 631.040256 307.84 682.880256
Butterfly 269.44 108.80025600000002 352.64 169.599744
Butterfly 275.84 288.63974399999995 371.2 364.160256
Butterfly 290.56 29.439743999999997 368.64 82.56
Butterfly 296.96 501.75974399999996 426.88 592.640256
Butterfly 343.04 188.16 460.8 270.080256
Butterfly 347.52 399.99974399999996 433.28 468.48
Butterfly 359.04 631.040256 429.44 681.5999999999999
Butterfly 380.16 108.80025600000002 469.12 168.320256
Butterfly 393.6 26.880000000000003 490.24 95.360256
Butterfly 413.44 0.0 494.08 15.999744
Butterfly 418.56 304.640256 501.76 368.00025600000004
Butterfly 454.4 505.599744 567.04 598.400256
Butterfly 465.28 403.839744 537.6 458.24025600000004
Butterfly 491.52 635.52 554.88 677.76
Butterfly 501.76 110.07974399999999 593.28 174.72
Butterfly 504.96 193.280256 643.84 286.08
Butterfly 520.32 28.160255999999997 615.68 90.24
Butterfly 522.88 0.0 606.72 15.999744
Butterfly 548.48 307.20000000000005 630.4 365.439744
Butterfly 568.32 412.79999999999995 627.84 452.480256
Butterfly 611.84 631.040256 686.08 686.7202560000001
Butterfly 625.28 108.80025600000002 716.16 173.43974400000002
Butterfly 643.84 29.439743999999997 746.88 99.84
Butterfly 657.92 415.359744 729.6 459.519744
Butterfly 673.92 309.759744 766.72 377.600256
Butterfly 703.36 188.16 822.4 296.319744
Butterfly 729.6 627.2002560000001 798.08 685.4399999999999
Butterfly 737.28 113.919744 826.24 179.19974399999998
Butterfly 755.84 412.79999999999995 835.2 473.60025599999994
Butterfly 755.84 505.599744 876.16 598.400256
Butterfly 810.24 309.759744 890.88 381.44025600000003
Butterfly 868.48 414.08025599999996 926.72 465.920256
