Butterfly 462.21 722.6593280000001 635.19 940.294144
Butterfly 21.39 534.787072 146.01000000000002 630.583296
Butterfly 25.110000000000003 79.985664 199.02 204.613632
Butterfly 28.83 222.2848 93.0 322.732032
Butterfly 40.92 315.291648 117.18 438.06003200000004
Butterfly 46.5 436.199424 93.0 545.9476480000001
Butterfly 46.5 625.002496 110.67 706.848768
Butterfly 52.080000000000005 713.358336 232.5 950.5249279999999
Butterfly 99.51 442.710016 173.91 530.1360639999999
Butterfly 99.51 206.47423999999998 186.0 322.732032
Butterfly 111.6 314.361856 207.39 425.03884800000003
Butterfly 119.04 632.44288 212.97 697.547776
Butterfly 142.29 536.646656 223.2 626.863104
Butterfly 163.68 438.06003200000004 250.17 536.646656
Butterfly 186.0 73.475072 276.21000000000004 209.26463999999999
Butterfly 189.72 193.453056 276.21000000000004 319.01184
Butterfly 200.88000000000002 320.872448 289.22999999999996 426.899456
Butterfly 211.11 618.491904 334.8 701.267968
Butterfly 232.5 538.507264 350.61 626.863104
Butterfly 237.14999999999998 703.1275519999999 450.12 962.6152960000001
Butterfly 242.73 432.479232 324.57 530.1360639999999
Butterfly 274.35 193.453056 440.82 306.921472
Butterfly 291.09 85.56544 381.29999999999995 191.593472
Butterfly 292.02000000000004 314.361856 485.46 434.33984000000004
Butterfly 306.9 438.06003200000004 444.54 540.366848
Butterfly 342.24 625.002496 450.12 693.827584
Butterfly 352.47 528.27648 432.45000000000005 625.002496
Butterfly 379.44 93.006848 469.65 195.313664
Butterfly 426.87 524.556288 517.0799999999999 609.191936
Butterfly 442.68 200.89344 546.84 334.8224
Butterfly 444.54 442.710016 532.89 524.556288
Butterfly 448.26000000000005 621.282304 577.53 701.267968
Butterfly 470.58 83.70585600000001 559.86 197.173248
Butterfly 487.32 330.172416 568.23 426.899456
Butterfly 507.78 531.0658559999999 584.0400000000001 614.771712
Butterfly 522.66 440.850432 595.2 531.0658559999999
Butterfly 558.0 197.173248 660.3 328.31283199999996
Butterfly 559.86 75.33465600000001 654.72 199.03385600000001
Butterfly 564.51 328.31283199999996 665.88 430.61964800000004
Butterfly 566.37 518.975488 660.3 621.282304
Butterfly 582.18 616.63232 662.16 708.708352
Butterfly 589.62 440.850432 660.3 526.4158719999999
