Butterfly 34.585499999999996 448.0 140.265 538.88
Butterfly 21.13575 226.56 154.35525 312.32
Butterfly 26.900250000000003 104.32 151.15275 211.2
Butterfly 26.900250000000003 793.6 151.15275 886.4
Butterfly 30.10275 678.4 154.35525 779.52
Butterfly 32.02425 340.48 154.35525 430.08
Butterfly 33.945 574.72 154.35525 653.44
Butterfly 37.1475 898.56 158.19825 1008.64
Butterfly 168.4455 226.56 296.54175 323.2
Butterfly 171.648 120.32 302.946 197.12
Butterfly 173.5695 550.4 290.77725000000004 664.32
Butterfly 178.6935 340.48 289.49625 428.16
Butterfly 178.6935 461.44 294.62025 538.24
Butterfly 182.53650000000002 902.4 301.66499999999996 1008.64
Butterfly 184.458 800.64 296.54175 882.56
Butterfly 185.739 681.6 296.54175 771.2
Butterfly 317.037 218.24 440.00849999999997 309.12
Butterfly 317.037 445.44 440.00849999999997 541.44
Butterfly 318.9585 790.4 440.00849999999997 881.28
Butterfly 318.9585 108.16 445.1325 207.36
Butterfly 324.08175 559.36 441.2895 660.48
Butterfly 326.00325000000004 678.4 440.00849999999997 771.2
Butterfly 327.92474999999996 342.4 422.07525000000004 430.08
Butterfly 331.12725 903.68 440.00849999999997 996.48
Butterfly 457.30125000000004 223.36 576.4304999999999 311.04
Butterfly 457.30125000000004 683.52 579.633 764.16
Butterfly 462.42525 325.12 586.67775 428.16
Butterfly 462.42525 791.68 586.67775 888.32
Butterfly 462.42525 905.6 586.67775 1001.6
Butterfly 464.34675000000004 452.48 574.509 552.32
Butterfly 464.34675000000004 569.6 583.476 655.36
Butterfly 469.47075 109.44 578.352 204.16
Butterfly 586.67775 449.28 726.9427499999999 547.2
Butterfly 598.84725 783.36 725.02125 884.48
Butterfly 604.61175 106.24 728.8642500000001 197.12
Butterfly 605.89275 232.32 721.81875 319.36
Butterfly 605.89275 561.28 723.09975 650.24
Butterfly 607.8135000000001 338.56 719.89725 431.36
Butterfly 616.7805 674.56 719.89725 772.48
Butterfly 618.0615 914.56 721.81875 1000.32
