Butterfly 128.95975199999998 494.644224 619.999752 814.488576
Butterfly 73.159752 59.505664 251.719752 282.65369599999997
Butterfly 81.84 799.612928 186.0 947.137536
Butterfly 88.039752 261.578752 373.240248 484.726784
Butterfly 178.56 814.488576 348.439752 939.700224
Butterfly 230.64 54.547456000000004 405.48 265.29792000000003
Butterfly 347.200248 818.207744 431.52 931.021824
Butterfly 375.72 288.851968 688.2 495.88428799999997
Butterfly 396.79975199999996 55.786496 690.679752 269.017088
Butterfly 419.119752 802.092032 562.960248 928.5427199999999
Butterfly 553.039752 790.934528 679.5197519999999 935.9810560000001
