Butterfly 165.21823 108.16 343.244069 212.48
Butterfly 47.388375 261.76 159.454769 371.84
Butterfly 106.943646 536.32 297.77709400000003 685.44
Butterfly 208.76454400000003 678.4 299.69849400000004 800.64
Butterfly 211.96589200000003 396.8 413.045575 522.24
Butterfly 236.30042300000002 235.52 341.32340800000003 333.44
Butterfly 318.909538 574.72 413.045575 662.4
Butterfly 390.63244399999996 648.32 555.2107 737.92
Butterfly 451.469141 438.4 625.0122060000001 587.52
Butterfly 467.478098 321.28 576.343144 407.04
